1   88694
2   23473
3   11142
4   6869
5   4567
6   3439
7   2711
8   2137
9   1853
10   1474
11   1236
12   1116
13   986
14   877
15   786
16   725
17   636
18   596
19   556
20   534
21   465
22   418
23   413
24   337
25   357
26   339
27   293
28   284
29   244
30   257
31   248
32   255
33   223
34   228
35   195
36   178
37   183
38   186
39   163
40   149
41   161
42   150
43   136
44   140
45   112
46   115
47   110
48   122
49   116
50   111
51   91
52   102
53   107
54   103
55   99
56   85
57   87
58   95
59   80
60   84
61   76
62   84
63   79
64   92
65   67
66   80
67   66
68   69
69   58
70   66
71   47
72   59
73   48
74   53
75   44
76   47
77   50
78   69
79   54
80   46
81   29
82   56
83   40
84   40
85   51
86   48
87   47
88   37
89   31
90   39
91   39
92   42
93   44
94   54
95   26
96   38
97   36
98   25
99   33
100   28
101   29
102   41
103   30
104   28
105   27
106   27
107   30
108   32
109   29
110   30
111   26
112   24
113   30
114   25
115   27
116   23
117   34
118   25
119   24
120   22
121   27
122   21
123   17
124   19
125   28
126   20
127   19
128   18
129   29
130   24
131   13
132   19
133   18
134   24
135   20
136   23
137   22
138   24
139   20
140   26
141   14
142   19
143   13
144   16
145   16
146   17
147   23
148   17
149   19
150   23
151   14
152   21
153   17
154   18
155   22
156   11
157   24
158   16
159   10
160   13
161   15
162   18
163   15
164   17
165   21
166   11
167   11
168   12
169   16
170   16
171   14
172   10
173   11
174   11
175   14
176   18
177   11
178   17
179   9
180   20
181   16
182   18
183   13
184   19
185   13
186   11
187   10
188   11
189   21
190   17
191   11
192   10
193   15
194   9
195   13
196   8
197   13
198   8
199   5
200   7
201   9
202   7
203   9
204   11
205   6
206   9
207   11
208   9
209   7
210   7
211   12
212   10
213   9
214   11
215   12
216   5
217   12
218   14
219   13
220   4
221   10
222   6
223   6
224   3
225   8
226   9
227   6
228   9
229   7
230   10
231   14
232   14
233   4
234   4
235   3
236   8
237   12
238   7
239   9
240   10
241   11
242   11
243   5
244   7
245   6
246   13
247   8
248   7
249   4
250   6
251   2
252   6
253   5
254   10
255   8
256   8
257   3
258   4
259   7
260   11
261   4
262   5
263   4
264   2
265   3
266   5
267   3
268   9
269   8
270   11
271   5
272   8
273   9
274   7
275   2
276   4
277   4
278   6
279   3
280   10
281   6
282   5
283   4
284   5
285   4
286   6
287   5
288   7
289   5
290   3
291   7
292   7
293   9
294   8
295   6
296   6
297   5
298   4
299   7
300   5
301   3
302   7
303   4
304   2
305   6
306   7
307   6
308   10
309   4
310   8
311   5
312   2
313   3
314   6
315   2
316   4
317   5
318   2
319   3
320   3
321   8
322   5
323   5
324   6
325   5
326   3
327   3
328   10
329   3
330   1
331   6
332   3
333   6
334   3
335   5
336   1
337   4
338   4
339   4
340   5
341   3
342   5
343   5
344   5
345   3
346   4
347   5
348   3
349   6
350   6
351   3
352   4
353   3
354   3
355   2
356   3
357   3
358   5
359   3
360   2
361   3
362   3
363   6
364   2
365   5
366   4
367   4
368   4
369   4
370   4
371   5
372   2
373   7
374   3
375   5
376   1
377   3
378   3
379   3
380   3
381   3
382   3
383   4
384   3
385   3
386   2
387   2
388   2
389   7
390   3
391   1
392   3
393   4
394   2
395   3
396   3
397   3
398   2
399   1
400   3
401   2
402   3
403   4
404   1
405   3
406   7
407   2
408   4
409   2
410   1
412   4
413   1
414   4
415   2
416   1
417   4
418   3
419   3
420   1
421   4
422   3
423   1
424   1
425   3
427   3
428   3
429   1
430   1
431   3
432   2
433   1
434   4
436   3
437   2
438   2
440   1
441   3
442   2
443   2
444   3
445   2
446   2
447   1
448   2
449   3
450   1
451   3
452   4
453   2
454   2
455   1
456   3
457   2
458   2
460   4
461   2
462   2
463   2
464   1
465   1
466   1
468   3
470   2
471   1
472   1
473   4
474   3
475   3
476   1
477   1
478   2
479   1
480   1
481   1
482   4
483   3
484   4
485   1
486   4
487   2
488   5
489   3
490   3
491   3
492   1
493   5
495   4
496   1
497   1
498   1
500   6
501   2
502   1
503   4
504   4
505   1
507   1
509   1
510   2
511   1
512   1
513   3
514   4
515   1
516   1
517   3
518   2
519   1
520   2
521   2
522   2
523   2
524   3
525   2
526   5
527   2
528   1
529   1
531   2
532   1
533   3
534   2
536   3
541   1
542   2
543   2
544   2
546   1
547   3
548   2
549   1
550   3
552   4
553   1
554   3
555   2
556   1
557   1
558   2
559   1
560   3
561   1
562   1
563   3
564   1
565   3
566   1
567   3
568   1
569   2
570   1
572   2
573   3
574   1
575   1
577   3
579   2
580   2
581   2
582   1
583   3
584   2
586   2
588   1
589   2
590   3
591   2
592   2
594   2
596   1
598   1
599   3
600   1
601   1
602   2
603   3
604   2
606   2
607   2
608   1
609   2
610   4
611   1
613   1
614   3
616   1
618   1
619   1
621   2
624   1
626   2
627   2
628   1
629   1
630   1
631   1
632   1
633   1
635   4
636   1
637   1
638   1
640   1
641   3
642   3
643   1
645   1
646   1
647   2
648   1
649   1
650   1
651   2
655   2
656   1
659   2
660   1
661   4
662   1
664   2
665   2
666   2
668   2
670   1
671   1
674   2
675   1
677   2
679   1
680   1
681   1
683   1
684   2
688   4
690   2
691   2
692   4
693   2
694   1
695   2
697   2
698   1
705   1
707   1
708   1
710   1
712   2
714   1
715   1
717   1
718   2
719   1
720   1
723   1
724   1
725   2
726   1
729   1
730   2
731   3
732   1
733   1
735   1
736   1
737   1
738   1
739   2
741   2
743   1
745   1
746   1
747   1
749   2
752   2
753   1
754   1
755   1
756   1
757   1
758   2
759   1
760   1
761   3
764   1
765   2
766   2
770   2
772   1
773   2
775   1
776   1
780   1
781   1
782   2
783   2
784   2
785   2
790   1
791   1
792   1
793   3
794   1
798   2
799   2
800   2
803   1
804   1
805   2
806   1
807   1
808   2
810   2
811   2
814   1
815   1
819   1
822   2
823   1
824   2
828   1
830   1
834   1
837   1
839   1
840   1
841   4
843   1
845   1
847   1
848   1
852   1
854   2
856   1
864   1
866   1
867   3
868   1
869   1
871   1
873   2
876   2
878   1
879   2
880   1
882   1
883   1
887   2
888   2
890   1
891   1
892   1
894   1
897   1
899   1
903   2
907   2
908   1
909   1
910   1
916   1
922   1
923   2
925   1
928   1
929   1
932   2
933   1
936   1
939   2
941   1
944   1
945   1
948   2
949   2
952   1
953   2
956   1
957   2
960   1
966   2
970   1
977   1
980   1
981   1
982   2
985   1
987   1
989   2
990   1
992   2
993   1
1000   1
1003   1
1005   1
1012   2
1014   1
1015   1
1017   1
1023   2
1024   1
1026   4
1029   1
1031   1
1033   1
1037   2
1038   1
1039   1
1040   1
1041   2
1042   1
1043   1
1044   2
1045   1
1047   1
1051   1
1058   1
1062   1
1068   1
1070   2
1071   1
1072   2
1073   1
1075   1
1078   1
1081   1
1082   1
1084   1
1087   2
1090   1
1091   2
1093   1
1094   1
1095   3
1096   1
1097   2
1100   1
1101   1
1102   1
1110   1
1111   1
1114   1
1115   1
1119   1
1120   1
1121   1
1128   1
1132   1
1135   2
1138   1
1142   1
1144   1
1147   1
1154   1
1164   1
1165   1
1167   2
1169   1
1174   1
1178   1
1182   1
1184   1
1185   1
1187   1
1190   1
1194   1
1196   1
1198   1
1199   1
1203   1
1206   1
1211   1
1212   1
1213   1
1216   1
1217   1
1220   1
1225   3
1227   1
1228   1
1253   1
1255   2
1257   1
1258   2
1261   1
1263   1
1266   1
1270   1
1273   1
1274   1
1275   1
1279   2
1286   1
1287   1
1288   1
1289   1
1290   1
1310   1
1311   1
1313   1
1314   1
1316   1
1323   1
1326   1
1329   1
1331   1
1335   1
1338   2
1342   2
1344   1
1348   1
1349   1
1350   1
1355   1
1360   1
1362   1
1365   2
1372   1
1374   1
1377   2
1379   1
1383   1
1390   1
1391   1
1392   1
1396   1
1404   1
1406   1
1414   1
1419   1
1420   1
1427   1
1433   1
1442   1
1452   1
1468   1
1472   1
1477   1
1479   1
1480   1
1493   1
1495   1
1497   1
1509   1
1511   2
1520   1
1525   1
1532   1
1543   1
1548   1
1553   1
1568   1
1579   1
1581   1
1583   1
1589   1
1595   1
1600   1
1608   1
1623   1
1624   1
1625   1
1628   1
1639   2
1644   1
1654   1
1655   1
1664   1
1666   1
1672   1
1678   1
1686   1
1688   1
1690   2
1691   1
1692   1
1693   1
1695   1
1697   1
1701   1
1710   1
1711   1
1716   1
1717   1
1719   1
1729   1
1732   1
1733   1
1736   1
1744   1
1747   1
1749   1
1758   1
1763   1
1766   1
1767   1
1770   2
1772   1
1780   1
1783   1
1793   1
1798   1
1806   1
1816   1
1823   1
1826   1
1854   1
1857   1
1858   1
1863   1
1897   1
1923   1
1924   1
1925   1
1931   1
1950   1
1962   1
1964   1
1971   1
1974   1
1995   2
1996   1
2006   1
2015   1
2018   1
2026   1
2028   1
2029   1
2037   1
2038   1
2046   1
2049   1
2050   1
2060   1
2069   1
2080   1
2091   1
2100   1
2101   1
2111   1
2126   1
2131   1
2136   1
2138   1
2153   1
2170   1
2179   2
2182   1
2185   1
2189   1
2214   1
2219   1
2220   1
2226   1
2246   1
2252   1
2255   1
2273   1
2324   1
2327   1
2368   1
2398   1
2406   1
2416   1
2453   2
2482   1
2494   1
2497   1
2501   1
2528   1
2561   1
2594   1
2628   1
2636   1
2669   1
2683   1
2699   1
2741   1
2756   1
2769   1
2776   1
2789   1
2821   1
2835   1
2839   1
2847   1
2866   1
2896   1
2898   1
2902   1
3000   1
3005   1
3014   1
3023   1
3034   1
3042   1
3045   1
3063   1
3093   1
3095   1
3104   1
3113   1
3142   1
3158   1
3168   1
3171   1
3237   1
3277   1
3284   1
3325   1
3333   1
3336   1
3340   1
3351   1
3363   1
3393   1
3416   1
3431   1
3447   1
3465   1
3474   1
3476   1
3479   1
3548   1
3550   1
3560   1
3566   1
3654   1
3655   1
3686   1
3700   1
3723   1
3728   1
3730   1
3756   1
3772   1
3805   1
3829   1
3845   1
3875   1
3913   1
3936   1
3978   1
4009   1
4099   1
4118   1
4230   1
4251   1
4334   1
4349   1
4485   1
4543   1
4698   1
4716   1
4752   1
4850   1
4914   1
5004   1
5390   1
5419   1
5676   1
5761   1
5768   1
5825   1
5934   1
6093   1
6142   1
6150   1
6484   1
6740   1
6744   1
6745   1
6956   1
7108   1
7125   1
7229   1
7307   1
7367   1
7465   1
7583   1
7682   1
7726   1
7929   1
7966   1
8115   1
8155   1
8342   1
8452   1
8657   1
9685   1
9991   1
10144   1
10416   1
10467   1
10505   1
11177   1
11199   1
11562   1
11625   1
11671   1
11693   1
12112   1
12970   1
13371   1
13593   1
15342   1
16463   1
16490   1
16511   1
17083   1
17884   1
20256   1
21735   1
21997   1
22890   1
23430   1
24775   1
25543   1
26296   1
26522   1
27592   1
30198   1
31679   1
34449   1
38287   1
41402   1
67681   1
81027   1
97631   1
101305   1
103334   1
137780   1
262346   1
