frequency	count
1	36590
2	9181
3	4668
4	3011
5	2162
6	1608
7	1282
8	995
9	906
10	762
11	665
12	590
13	445
14	423
16	375
15	362
17	331
18	280
19	274
21	236
22	235
20	233
23	232
25	195
24	191
26	170
27	165
31	149
28	143
30	142
33	131
29	122
32	111
35	107
37	107
34	105
36	102
39	91
41	90
40	87
42	83
38	82
44	80
43	79
49	76
46	72
45	69
47	65
48	65
55	60
51	59
54	58
56	58
50	57
52	52
60	45
53	44
57	44
62	44
63	43
61	40
59	39
64	38
75	38
58	37
67	36
70	36
82	36
85	36
65	33
74	33
68	32
66	31
69	31
77	30
72	29
76	29
83	29
71	28
78	27
79	27
80	27
95	26
73	25
96	24
101	24
111	24
90	23
81	22
93	22
87	21
94	21
97	21
107	21
84	20
89	20
92	20
103	20
88	19
98	19
113	19
123	19
86	18
91	18
114	18
115	18
119	17
100	16
122	16
102	15
116	15
124	15
130	15
139	15
143	15
149	15
106	14
109	14
128	14
142	14
152	14
99	13
104	13
105	13
125	13
127	13
131	13
176	13
132	12
135	12
158	12
170	12
118	11
126	11
129	11
133	11
134	11
136	11
140	11
217	11
120	10
121	10
150	10
172	10
108	9
110	9
112	9
117	9
137	9
138	9
146	9
154	9
166	9
171	9
183	9
189	9
155	8
156	8
160	8
178	8
179	8
180	8
235	8
250	8
144	7
145	7
159	7
163	7
168	7
174	7
185	7
187	7
194	7
196	7
200	7
201	7
206	7
226	7
228	7
252	7
258	7
141	6
147	6
151	6
153	6
157	6
162	6
164	6
165	6
175	6
190	6
191	6
192	6
198	6
205	6
209	6
210	6
212	6
219	6
222	6
237	6
251	6
253	6
261	6
291	6
148	5
161	5
169	5
188	5
203	5
208	5
225	5
229	5
249	5
259	5
265	5
277	5
283	5
325	5
349	5
455	5
510	5
602	5
173	4
186	4
202	4
213	4
233	4
254	4
255	4
273	4
293	4
295	4
298	4
315	4
322	4
331	4
335	4
356	4
359	4
366	4
470	4
482	4
514	4
653	4
167	3
181	3
182	3
195	3
197	3
199	3
214	3
215	3
216	3
218	3
220	3
223	3
224	3
227	3
232	3
244	3
245	3
246	3
247	3
262	3
264	3
267	3
269	3
274	3
278	3
280	3
281	3
284	3
290	3
292	3
294	3
296	3
303	3
310	3
317	3
319	3
336	3
350	3
355	3
375	3
378	3
394	3
417	3
420	3
425	3
430	3
468	3
471	3
485	3
487	3
492	3
533	3
538	3
544	3
615	3
643	3
670	3
193	2
204	2
207	2
221	2
231	2
236	2
239	2
241	2
242	2
243	2
260	2
263	2
266	2
270	2
276	2
285	2
288	2
297	2
302	2
304	2
305	2
307	2
309	2
312	2
321	2
323	2
327	2
329	2
333	2
337	2
343	2
344	2
345	2
352	2
354	2
358	2
361	2
362	2
365	2
368	2
371	2
373	2
376	2
380	2
384	2
385	2
388	2
390	2
391	2
393	2
403	2
408	2
410	2
424	2
431	2
447	2
448	2
464	2
466	2
467	2
469	2
473	2
488	2
493	2
499	2
503	2
505	2
508	2
509	2
519	2
524	2
528	2
534	2
536	2
537	2
546	2
548	2
568	2
572	2
588	2
601	2
608	2
616	2
625	2
630	2
664	2
669	2
675	2
682	2
754	2
792	2
817	2
848	2
902	2
959	2
1037	2
1294	2
1586	2
2042	2
177	1
211	1
230	1
238	1
240	1
256	1
257	1
268	1
272	1
279	1
282	1
286	1
289	1
300	1
301	1
306	1
308	1
311	1
313	1
314	1
318	1
324	1
326	1
330	1
334	1
338	1
339	1
340	1
341	1
346	1
347	1
348	1
369	1
372	1
374	1
377	1
379	1
381	1
382	1
383	1
387	1
389	1
392	1
396	1
397	1
398	1
399	1
400	1
401	1
404	1
405	1
406	1
413	1
415	1
416	1
418	1
419	1
421	1
423	1
428	1
433	1
435	1
436	1
440	1
441	1
442	1
443	1
446	1
453	1
457	1
458	1
459	1
463	1
465	1
475	1
476	1
479	1
481	1
483	1
494	1
495	1
497	1
498	1
506	1
507	1
511	1
512	1
515	1
516	1
517	1
518	1
527	1
529	1
531	1
532	1
535	1
541	1
545	1
550	1
554	1
555	1
556	1
558	1
559	1
563	1
565	1
569	1
570	1
573	1
576	1
577	1
580	1
581	1
583	1
586	1
589	1
592	1
596	1
597	1
598	1
604	1
605	1
609	1
611	1
613	1
617	1
623	1
631	1
632	1
639	1
642	1
647	1
651	1
656	1
658	1
662	1
665	1
674	1
684	1
687	1
688	1
693	1
701	1
702	1
703	1
711	1
713	1
714	1
715	1
716	1
718	1
728	1
740	1
742	1
746	1
747	1
757	1
759	1
763	1
764	1
767	1
770	1
772	1
778	1
779	1
781	1
784	1
787	1
789	1
790	1
796	1
797	1
799	1
801	1
806	1
807	1
828	1
832	1
838	1
839	1
851	1
861	1
867	1
871	1
874	1
878	1
885	1
887	1
888	1
889	1
891	1
895	1
903	1
905	1
911	1
917	1
922	1
940	1
946	1
952	1
964	1
967	1
980	1
983	1
984	1
986	1
987	1
988	1
990	1
992	1
993	1
998	1
1002	1
1003	1
1007	1
1017	1
1018	1
1020	1
1024	1
1035	1
1039	1
1044	1
1052	1
1066	1
1068	1
1070	1
1071	1
1075	1
1079	1
1090	1
1096	1
1103	1
1104	1
1105	1
1110	1
1132	1
1143	1
1173	1
1214	1
1218	1
1222	1
1230	1
1231	1
1254	1
1255	1
1256	1
1271	1
1280	1
1300	1
1311	1
1316	1
1360	1
1366	1
1377	1
1389	1
1394	1
1403	1
1409	1
1436	1
1437	1
1452	1
1472	1
1485	1
1489	1
1498	1
1506	1
1510	1
1512	1
1517	1
1536	1
1543	1
1552	1
1555	1
1559	1
1560	1
1584	1
1606	1
1616	1
1618	1
1636	1
1638	1
1639	1
1640	1
1672	1
1675	1
1682	1
1686	1
1702	1
1704	1
1709	1
1717	1
1744	1
1756	1
1758	1
1763	1
1768	1
1771	1
1775	1
1785	1
1809	1
1861	1
1871	1
1875	1
1887	1
1897	1
1914	1
1945	1
1957	1
1958	1
1964	1
1970	1
2001	1
2034	1
2058	1
2083	1
2123	1
2135	1
2146	1
2166	1
2194	1
2209	1
2216	1
2234	1
2256	1
2257	1
2259	1
2279	1
2283	1
2284	1
2295	1
2315	1
2366	1
2377	1
2402	1
2407	1
2410	1
2415	1
2418	1
2421	1
2438	1
2458	1
2480	1
2512	1
2542	1
2550	1
2632	1
2642	1
2660	1
2695	1
2755	1
2772	1
2786	1
2797	1
2814	1
2817	1
2855	1
2881	1
3061	1
3081	1
3152	1
3158	1
3181	1
3201	1
3352	1
3446	1
3570	1
3630	1
3641	1
3684	1
3754	1
3933	1
3940	1
3963	1
4015	1
4297	1
4329	1
4379	1
4425	1
4540	1
4771	1
4824	1
4880	1
4918	1
4947	1
4976	1
5383	1
5425	1
5547	1
5585	1
5683	1
6210	1
6303	1
6381	1
6482	1
6547	1
6622	1
6964	1
7093	1
7154	1
7401	1
7900	1
8221	1
8524	1
8944	1
9201	1
9269	1
9422	1
9538	1
10141	1
10978	1
11662	1
11676	1
14058	1
14383	1
14429	1
14543	1
14632	1
14955	1
15937	1
16102	1
16674	1
17569	1
19849	1
20978	1
24358	1
26522	1
27928	1
28477	1
28855	1
33130	1
37370	1
45102	1
58922	1
59402	1
80920	1
122621	1
