frequency	count
1	113239
2	26934
3	12455
4	7500
5	5002
6	3758
7	2819
8	2286
9	1991
10	1561
11	1403
12	1175
13	1028
15	873
14	863
16	730
17	650
18	637
19	560
20	547
21	499
22	438
23	405
24	381
26	356
25	353
27	312
28	285
29	277
32	276
30	275
31	259
34	225
33	222
35	202
38	188
36	183
37	170
40	161
39	160
42	149
41	147
44	145
43	142
49	135
48	128
45	118
47	116
46	115
53	110
52	108
57	107
54	98
51	97
55	95
56	90
58	90
60	90
50	89
66	89
61	82
63	80
59	79
62	78
64	75
71	74
65	72
68	71
70	57
72	57
75	56
77	56
81	53
73	52
86	51
76	50
78	49
74	47
67	46
69	46
79	45
80	45
87	45
89	45
82	44
88	44
91	44
84	43
83	42
102	42
92	39
90	38
93	38
101	38
116	37
95	36
96	36
111	36
85	35
105	35
108	34
121	34
100	33
103	33
106	33
94	32
132	31
104	30
119	30
124	30
98	29
99	29
109	28
112	28
136	28
113	27
129	27
128	26
133	26
135	26
137	26
97	25
115	25
114	24
123	24
130	24
131	24
184	24
110	23
154	22
151	21
174	21
120	20
125	20
146	20
159	20
117	19
118	19
122	19
141	19
148	19
153	19
171	19
180	19
183	19
150	18
155	18
165	18
176	18
181	18
236	18
126	17
127	17
142	17
147	17
158	17
169	17
187	17
212	17
144	16
152	16
157	16
162	16
167	16
177	16
195	16
138	15
156	15
160	15
166	15
168	15
188	15
238	15
139	14
213	14
233	14
149	13
161	13
164	13
196	13
209	13
107	12
143	12
178	12
182	12
189	12
191	12
201	12
222	12
224	12
234	12
241	12
134	11
140	11
145	11
163	11
185	11
192	11
198	11
199	11
217	11
219	11
225	11
230	11
231	11
250	11
175	10
194	10
200	10
206	10
214	10
227	10
244	10
276	10
170	9
207	9
229	9
247	9
257	9
264	9
269	9
271	9
306	9
372	9
172	8
173	8
179	8
186	8
190	8
197	8
202	8
203	8
208	8
215	8
216	8
218	8
228	8
258	8
265	8
267	8
287	8
296	8
319	8
328	8
334	8
335	8
337	8
204	7
220	7
221	7
223	7
239	7
243	7
245	7
249	7
255	7
272	7
273	7
292	7
294	7
300	7
305	7
307	7
310	7
316	7
318	7
341	7
363	7
434	7
478	7
193	6
210	6
242	6
251	6
252	6
260	6
263	6
266	6
277	6
279	6
280	6
282	6
284	6
297	6
302	6
312	6
327	6
331	6
338	6
342	6
354	6
419	6
527	6
560	6
739	6
211	5
226	5
232	5
240	5
254	5
262	5
268	5
275	5
278	5
285	5
286	5
288	5
290	5
293	5
301	5
315	5
320	5
323	5
344	5
347	5
350	5
353	5
355	5
366	5
370	5
375	5
377	5
400	5
402	5
410	5
412	5
413	5
430	5
451	5
455	5
482	5
483	5
484	5
496	5
499	5
791	5
235	4
237	4
246	4
253	4
256	4
261	4
270	4
281	4
299	4
304	4
309	4
314	4
317	4
321	4
322	4
332	4
333	4
346	4
348	4
360	4
361	4
369	4
378	4
379	4
380	4
392	4
399	4
414	4
417	4
433	4
459	4
466	4
474	4
488	4
497	4
516	4
545	4
575	4
583	4
636	4
760	4
894	4
205	3
259	3
274	3
289	3
291	3
298	3
303	3
308	3
311	3
313	3
330	3
336	3
339	3
340	3
345	3
356	3
357	3
359	3
362	3
365	3
368	3
381	3
389	3
391	3
394	3
398	3
408	3
409	3
416	3
435	3
436	3
439	3
442	3
443	3
453	3
456	3
458	3
464	3
476	3
480	3
481	3
490	3
492	3
493	3
495	3
498	3
503	3
504	3
508	3
509	3
510	3
511	3
521	3
539	3
544	3
551	3
554	3
556	3
564	3
570	3
577	3
587	3
588	3
603	3
609	3
632	3
635	3
670	3
673	3
696	3
716	3
731	3
733	3
748	3
762	3
793	3
804	3
844	3
851	3
855	3
882	3
932	3
993	3
1020	3
1036	3
1199	3
1224	3
283	2
295	2
325	2
343	2
349	2
351	2
352	2
358	2
382	2
383	2
384	2
385	2
387	2
403	2
418	2
420	2
421	2
423	2
424	2
425	2
427	2
432	2
437	2
447	2
449	2
450	2
454	2
460	2
462	2
463	2
467	2
471	2
485	2
489	2
494	2
506	2
513	2
514	2
515	2
520	2
529	2
538	2
540	2
546	2
550	2
562	2
565	2
574	2
576	2
579	2
582	2
586	2
592	2
593	2
595	2
598	2
599	2
600	2
611	2
613	2
615	2
618	2
619	2
622	2
624	2
629	2
630	2
631	2
638	2
647	2
649	2
652	2
656	2
658	2
661	2
665	2
676	2
682	2
689	2
690	2
691	2
695	2
699	2
705	2
711	2
717	2
726	2
741	2
743	2
747	2
749	2
758	2
759	2
763	2
772	2
773	2
776	2
782	2
787	2
796	2
798	2
799	2
801	2
811	2
813	2
816	2
818	2
858	2
865	2
954	2
956	2
970	2
984	2
998	2
1018	2
1024	2
1038	2
1043	2
1051	2
1067	2
1086	2
1094	2
1123	2
1138	2
1159	2
1164	2
1172	2
1178	2
1191	2
1195	2
1198	2
1221	2
1234	2
1249	2
1258	2
1289	2
1344	2
1360	2
1417	2
1483	2
1566	2
1611	2
1657	2
1718	2
1723	2
1755	2
1849	2
1859	2
1864	2
1973	2
2002	2
2018	2
2044	2
2197	2
2588	2
2785	2
2898	2
248	1
326	1
329	1
364	1
367	1
373	1
374	1
376	1
386	1
388	1
390	1
393	1
395	1
396	1
397	1
401	1
406	1
407	1
411	1
415	1
422	1
426	1
429	1
431	1
438	1
440	1
441	1
445	1
446	1
470	1
473	1
477	1
479	1
487	1
491	1
501	1
505	1
517	1
518	1
522	1
524	1
525	1
526	1
528	1
530	1
531	1
533	1
536	1
537	1
541	1
542	1
543	1
548	1
549	1
552	1
553	1
557	1
559	1
561	1
567	1
571	1
573	1
578	1
580	1
581	1
589	1
594	1
596	1
597	1
605	1
606	1
616	1
617	1
621	1
626	1
627	1
628	1
634	1
639	1
641	1
644	1
646	1
648	1
651	1
657	1
659	1
660	1
662	1
663	1
664	1
666	1
667	1
668	1
669	1
671	1
672	1
674	1
679	1
680	1
686	1
688	1
694	1
700	1
701	1
702	1
706	1
709	1
713	1
714	1
721	1
723	1
724	1
725	1
727	1
728	1
730	1
734	1
752	1
753	1
754	1
756	1
767	1
770	1
777	1
781	1
784	1
785	1
786	1
789	1
790	1
792	1
795	1
797	1
803	1
805	1
807	1
808	1
809	1
810	1
812	1
815	1
817	1
820	1
824	1
828	1
831	1
832	1
833	1
839	1
845	1
846	1
853	1
860	1
862	1
864	1
866	1
875	1
877	1
879	1
884	1
887	1
889	1
890	1
893	1
895	1
896	1
898	1
899	1
900	1
902	1
903	1
906	1
909	1
910	1
913	1
918	1
922	1
923	1
924	1
925	1
927	1
931	1
934	1
935	1
941	1
942	1
945	1
946	1
948	1
950	1
962	1
966	1
969	1
971	1
974	1
975	1
981	1
987	1
990	1
995	1
996	1
1006	1
1013	1
1014	1
1015	1
1019	1
1026	1
1030	1
1032	1
1034	1
1037	1
1045	1
1047	1
1050	1
1052	1
1053	1
1054	1
1056	1
1064	1
1065	1
1073	1
1074	1
1076	1
1080	1
1085	1
1089	1
1092	1
1093	1
1095	1
1096	1
1097	1
1103	1
1105	1
1108	1
1109	1
1112	1
1113	1
1114	1
1115	1
1116	1
1117	1
1119	1
1122	1
1125	1
1127	1
1133	1
1140	1
1142	1
1146	1
1150	1
1160	1
1161	1
1165	1
1168	1
1179	1
1185	1
1188	1
1196	1
1209	1
1212	1
1214	1
1215	1
1228	1
1233	1
1236	1
1260	1
1261	1
1262	1
1270	1
1275	1
1281	1
1283	1
1286	1
1292	1
1295	1
1300	1
1303	1
1310	1
1311	1
1312	1
1319	1
1325	1
1334	1
1339	1
1341	1
1354	1
1355	1
1358	1
1361	1
1368	1
1369	1
1371	1
1372	1
1375	1
1377	1
1384	1
1386	1
1390	1
1395	1
1405	1
1408	1
1409	1
1416	1
1418	1
1420	1
1423	1
1427	1
1433	1
1439	1
1451	1
1468	1
1470	1
1480	1
1488	1
1496	1
1498	1
1499	1
1504	1
1506	1
1528	1
1531	1
1534	1
1541	1
1547	1
1549	1
1552	1
1557	1
1562	1
1567	1
1575	1
1576	1
1582	1
1589	1
1592	1
1594	1
1609	1
1613	1
1622	1
1633	1
1635	1
1642	1
1654	1
1662	1
1668	1
1672	1
1675	1
1681	1
1689	1
1692	1
1705	1
1722	1
1727	1
1728	1
1739	1
1745	1
1758	1
1761	1
1764	1
1765	1
1766	1
1767	1
1776	1
1782	1
1790	1
1815	1
1817	1
1822	1
1841	1
1846	1
1885	1
1919	1
1921	1
1927	1
1952	1
1956	1
1960	1
1964	1
1965	1
1982	1
1997	1
2006	1
2014	1
2017	1
2027	1
2030	1
2048	1
2070	1
2076	1
2090	1
2099	1
2113	1
2116	1
2127	1
2141	1
2161	1
2173	1
2175	1
2177	1
2182	1
2183	1
2187	1
2245	1
2250	1
2264	1
2270	1
2276	1
2280	1
2285	1
2314	1
2317	1
2327	1
2340	1
2348	1
2377	1
2381	1
2389	1
2390	1
2397	1
2452	1
2458	1
2460	1
2464	1
2479	1
2510	1
2516	1
2580	1
2587	1
2599	1
2650	1
2669	1
2737	1
2740	1
2759	1
2765	1
2771	1
2787	1
2815	1
2820	1
2829	1
2844	1
2857	1
2869	1
2899	1
2908	1
2923	1
2934	1
2948	1
2955	1
3036	1
3037	1
3054	1
3066	1
3085	1
3094	1
3098	1
3109	1
3124	1
3245	1
3254	1
3338	1
3339	1
3360	1
3362	1
3372	1
3383	1
3393	1
3424	1
3439	1
3463	1
3468	1
3469	1
3528	1
3556	1
3558	1
3627	1
3684	1
3693	1
3715	1
3755	1
3788	1
3796	1
3800	1
3859	1
3893	1
3898	1
3924	1
3930	1
3996	1
4043	1
4076	1
4081	1
4147	1
4190	1
4239	1
4354	1
4480	1
4481	1
4492	1
4503	1
4664	1
4746	1
4966	1
4989	1
5100	1
5303	1
5333	1
5415	1
5493	1
5601	1
5778	1
6042	1
6093	1
6122	1
6151	1
6301	1
6469	1
6480	1
6635	1
6708	1
6917	1
7026	1
7139	1
7300	1
7403	1
7550	1
7608	1
7669	1
7904	1
8098	1
8116	1
8208	1
8362	1
9131	1
9760	1
9929	1
10129	1
10194	1
10356	1
10395	1
11169	1
11176	1
11196	1
11436	1
11572	1
11630	1
12124	1
12189	1
12958	1
13536	1
15283	1
16364	1
16447	1
16560	1
16982	1
17816	1
19946	1
21002	1
21518	1
22064	1
22812	1
23326	1
24728	1
25356	1
25850	1
26180	1
26654	1
27583	1
29898	1
31664	1
34474	1
38254	1
41193	1
41384	1
67551	1
81015	1
95900	1
100964	1
100996	1
137794	1
261240	1
