frequency	count
1	9542
2	3254
3	1579
4	1216
5	727
6	649
7	508
8	405
9	338
10	300
11	261
12	243
13	220
14	182
16	165
15	160
18	158
17	147
19	134
21	118
22	113
20	111
25	97
24	95
23	91
26	91
30	67
28	66
31	65
33	64
27	62
34	58
32	57
35	53
29	51
36	48
37	47
41	44
39	43
43	43
40	40
38	38
50	35
44	33
48	33
42	31
46	31
45	30
51	30
47	29
53	28
57	28
49	27
55	27
58	26
54	25
56	25
66	25
72	25
62	23
64	23
52	22
65	22
73	22
60	21
61	20
63	20
69	19
71	19
87	19
59	18
68	18
74	18
82	18
89	18
67	17
75	17
85	17
83	16
76	15
81	15
80	14
86	14
90	14
100	14
101	14
111	14
70	13
88	13
92	13
98	13
102	13
105	13
77	12
84	12
91	12
94	12
99	12
107	12
125	12
79	11
93	11
103	11
106	11
139	11
78	10
97	10
110	10
135	10
164	10
95	9
96	9
122	9
132	9
137	9
138	9
158	9
180	9
115	8
116	8
119	8
121	8
123	8
133	8
146	8
157	8
163	8
108	7
109	7
113	7
118	7
120	7
126	7
128	7
140	7
143	7
152	7
156	7
162	7
185	7
247	7
112	6
124	6
129	6
145	6
149	6
155	6
170	6
174	6
175	6
181	6
182	6
183	6
188	6
192	6
221	6
261	6
265	6
294	6
114	5
127	5
141	5
142	5
159	5
166	5
169	5
171	5
179	5
184	5
197	5
199	5
206	5
219	5
220	5
264	5
354	5
1819	5
104	4
136	4
148	4
150	4
153	4
160	4
187	4
194	4
198	4
204	4
210	4
216	4
223	4
232	4
234	4
256	4
257	4
259	4
263	4
275	4
278	4
286	4
305	4
318	4
349	4
382	4
435	4
117	3
130	3
131	3
147	3
151	3
165	3
172	3
173	3
176	3
178	3
190	3
196	3
200	3
205	3
212	3
213	3
215	3
218	3
225	3
226	3
228	3
230	3
237	3
241	3
243	3
249	3
251	3
266	3
268	3
279	3
281	3
287	3
299	3
317	3
326	3
346	3
350	3
368	3
370	3
375	3
381	3
410	3
411	3
414	3
428	3
455	3
512	3
534	3
666	3
682	3
724	3
154	2
161	2
167	2
177	2
186	2
193	2
195	2
214	2
224	2
231	2
233	2
236	2
238	2
240	2
245	2
248	2
253	2
260	2
273	2
280	2
289	2
291	2
293	2
298	2
300	2
306	2
308	2
309	2
310	2
311	2
312	2
313	2
314	2
322	2
328	2
333	2
334	2
335	2
342	2
344	2
352	2
353	2
362	2
380	2
383	2
391	2
393	2
397	2
400	2
413	2
419	2
443	2
447	2
452	2
460	2
463	2
467	2
470	2
472	2
473	2
480	2
481	2
485	2
490	2
496	2
499	2
506	2
508	2
527	2
544	2
561	2
577	2
579	2
584	2
599	2
601	2
606	2
631	2
651	2
654	2
663	2
695	2
704	2
756	2
761	2
787	2
846	2
856	2
904	2
952	2
960	2
965	2
990	2
1020	2
1028	2
1353	2
1407	2
1765	2
3424	2
134	1
144	1
168	1
189	1
201	1
202	1
203	1
207	1
208	1
209	1
227	1
229	1
235	1
239	1
242	1
244	1
246	1
252	1
254	1
255	1
262	1
267	1
270	1
271	1
272	1
276	1
282	1
283	1
284	1
285	1
290	1
295	1
301	1
304	1
307	1
315	1
320	1
324	1
325	1
329	1
330	1
336	1
337	1
338	1
339	1
341	1
343	1
347	1
351	1
355	1
359	1
361	1
363	1
364	1
367	1
372	1
373	1
374	1
378	1
384	1
386	1
387	1
388	1
389	1
394	1
395	1
399	1
401	1
407	1
408	1
409	1
412	1
416	1
420	1
423	1
425	1
426	1
429	1
430	1
432	1
433	1
436	1
439	1
444	1
445	1
448	1
449	1
454	1
456	1
457	1
461	1
462	1
465	1
469	1
474	1
476	1
479	1
484	1
487	1
491	1
494	1
495	1
497	1
503	1
505	1
507	1
511	1
517	1
519	1
521	1
523	1
524	1
525	1
526	1
536	1
539	1
543	1
556	1
557	1
558	1
559	1
564	1
569	1
571	1
572	1
578	1
580	1
583	1
586	1
590	1
594	1
595	1
600	1
605	1
614	1
616	1
628	1
640	1
641	1
642	1
643	1
644	1
645	1
647	1
648	1
649	1
656	1
661	1
668	1
671	1
672	1
673	1
678	1
683	1
684	1
687	1
694	1
701	1
702	1
703	1
712	1
718	1
722	1
726	1
727	1
729	1
730	1
745	1
746	1
755	1
757	1
776	1
779	1
781	1
795	1
797	1
803	1
807	1
810	1
816	1
817	1
823	1
825	1
827	1
829	1
830	1
832	1
836	1
837	1
838	1
840	1
843	1
859	1
860	1
862	1
867	1
886	1
892	1
895	1
903	1
905	1
907	1
915	1
918	1
923	1
925	1
929	1
937	1
941	1
961	1
962	1
963	1
972	1
974	1
979	1
980	1
984	1
987	1
998	1
1009	1
1010	1
1011	1
1012	1
1026	1
1034	1
1035	1
1056	1
1060	1
1062	1
1063	1
1065	1
1067	1
1069	1
1070	1
1075	1
1081	1
1082	1
1087	1
1088	1
1090	1
1101	1
1103	1
1104	1
1116	1
1119	1
1120	1
1121	1
1129	1
1132	1
1137	1
1138	1
1139	1
1152	1
1165	1
1183	1
1185	1
1192	1
1193	1
1198	1
1214	1
1233	1
1235	1
1239	1
1241	1
1242	1
1251	1
1253	1
1284	1
1303	1
1304	1
1313	1
1336	1
1342	1
1347	1
1349	1
1350	1
1366	1
1372	1
1378	1
1404	1
1424	1
1436	1
1443	1
1458	1
1481	1
1500	1
1501	1
1505	1
1520	1
1523	1
1533	1
1547	1
1548	1
1556	1
1565	1
1568	1
1573	1
1575	1
1581	1
1588	1
1592	1
1593	1
1618	1
1642	1
1650	1
1657	1
1660	1
1675	1
1705	1
1707	1
1708	1
1727	1
1728	1
1740	1
1747	1
1751	1
1763	1
1779	1
1873	1
1892	1
1901	1
1912	1
1985	1
2009	1
2020	1
2021	1
2051	1
2103	1
2130	1
2133	1
2142	1
2145	1
2177	1
2178	1
2206	1
2221	1
2360	1
2377	1
2417	1
2445	1
2448	1
2452	1
2620	1
2631	1
2716	1
2749	1
2775	1
2807	1
2827	1
2829	1
2844	1
2915	1
2920	1
2922	1
2999	1
3096	1
3113	1
3119	1
3199	1
3200	1
3288	1
3289	1
3314	1
3358	1
3420	1
3547	1
3588	1
3708	1
3752	1
3806	1
3819	1
3838	1
3874	1
3893	1
4004	1
4026	1
4159	1
4186	1
4210	1
4346	1
4501	1
4621	1
4813	1
4882	1
5357	1
5587	1
5601	1
5651	1
5693	1
5717	1
5761	1
5770	1
6016	1
6532	1
6613	1
6625	1
6908	1
7275	1
7371	1
7523	1
7548	1
7654	1
7658	1
7723	1
7760	1
8096	1
8215	1
8529	1
8630	1
9148	1
9266	1
9391	1
9631	1
10590	1
10905	1
11723	1
11737	1
12775	1
12811	1
15262	1
16779	1
19752	1
22394	1
26517	1
28200	1
30245	1
38390	1
58033	1
81020	1
