1 143137 
2 29799 
3 13404 
4 7873 
5 5331 
6 3846 
7 2961 
8 2397 
9 2069 
10 1626 
11 1370 
12 1222 
13 1045 
14 985 
15 859 
16 760 
17 673 
18 653 
20 581 
19 567 
21 495 
22 460 
23 434 
24 374 
25 364 
26 354 
27 315 
28 292 
29 290 
30 272 
32 265 
33 237 
31 231 
34 209 
36 204 
35 204 
37 201 
39 172 
38 169 
40 157 
42 153 
43 145 
41 136 
45 130 
46 125 
47 123 
49 117 
50 116 
48 115 
53 113 
44 113 
57 106 
54 105 
60 104 
51 103 
55 98 
52 94 
56 88 
59 87 
58 86 
63 85 
61 84 
64 81 
62 78 
66 77 
68 70 
70 67 
65 67 
76 64 
71 64 
72 62 
82 60 
78 59 
77 56 
69 56 
67 56 
87 54 
73 54 
75 52 
74 51 
86 50 
93 48 
79 45 
102 44 
84 44 
85 43 
97 41 
92 39 
94 38 
89 38 
81 38 
103 37 
90 37 
98 36 
95 36 
83 36 
104 35 
96 35 
91 35 
88 35 
119 34 
108 34 
101 32 
80 32 
136 31 
112 31 
107 31 
144 30 
99 30 
127 29 
114 29 
113 29 
111 29 
110 29 
100 29 
129 28 
118 28 
115 28 
109 27 
105 27 
132 26 
121 26 
116 25 
157 24 
131 24 
123 24 
120 24 
117 24 
106 24 
162 23 
134 23 
139 22 
130 22 
126 22 
122 22 
154 21 
148 21 
146 21 
142 21 
138 21 
137 21 
133 21 
184 20 
180 20 
128 20 
125 20 
181 19 
176 19 
167 19 
152 19 
151 19 
179 18 
172 18 
149 18 
135 18 
177 17 
166 17 
155 17 
150 17 
124 17 
191 16 
174 16 
153 16 
140 16 
224 15 
208 15 
188 15 
182 15 
178 15 
164 15 
161 15 
160 15 
156 15 
143 15 
232 14 
212 14 
210 14 
207 14 
189 14 
185 14 
159 14 
158 14 
318 13 
265 13 
209 13 
197 13 
193 13 
183 13 
169 13 
168 13 
145 13 
236 12 
214 12 
211 12 
190 12 
175 12 
163 12 
147 12 
141 12 
273 11 
267 11 
256 11 
252 11 
244 11 
206 11 
192 11 
187 11 
292 10 
289 10 
243 10 
229 10 
228 10 
226 10 
215 10 
213 10 
201 10 
170 10 
165 10 
300 9 
240 9 
235 9 
227 9 
223 9 
222 9 
218 9 
203 9 
198 9 
194 9 
186 9 
171 9 
315 8 
299 8 
288 8 
280 8 
279 8 
253 8 
246 8 
242 8 
239 8 
237 8 
220 8 
219 8 
195 8 
173 8 
364 7 
350 7 
336 7 
331 7 
327 7 
309 7 
308 7 
307 7 
293 7 
278 7 
276 7 
259 7 
254 7 
251 7 
245 7 
230 7 
225 7 
216 7 
204 7 
202 7 
200 7 
199 7 
588 6 
451 6 
450 6 
410 6 
406 6 
396 6 
394 6 
365 6 
360 6 
352 6 
338 6 
329 6 
321 6 
319 6 
311 6 
301 6 
297 6 
296 6 
295 6 
287 6 
271 6 
269 6 
266 6 
264 6 
257 6 
241 6 
234 6 
217 6 
196 6 
629 5 
552 5 
539 5 
537 5 
493 5 
473 5 
422 5 
414 5 
403 5 
382 5 
376 5 
370 5 
366 5 
355 5 
351 5 
347 5 
339 5 
335 5 
328 5 
325 5 
323 5 
320 5 
313 5 
310 5 
306 5 
304 5 
303 5 
290 5 
284 5 
283 5 
268 5 
262 5 
261 5 
258 5 
255 5 
238 5 
221 5 
205 5 
805 4 
674 4 
657 4 
656 4 
622 4 
600 4 
599 4 
572 4 
562 4 
553 4 
487 4 
485 4 
479 4 
476 4 
472 4 
471 4 
463 4 
439 4 
437 4 
435 4 
424 4 
417 4 
415 4 
395 4 
383 4 
380 4 
378 4 
377 4 
373 4 
369 4 
367 4 
361 4 
359 4 
357 4 
349 4 
345 4 
342 4 
340 4 
337 4 
333 4 
332 4 
326 4 
322 4 
312 4 
294 4 
291 4 
285 4 
282 4 
281 4 
275 4 
274 4 
272 4 
270 4 
263 4 
260 4 
247 4 
231 4 
1028 3 
995 3 
915 3 
822 3 
798 3 
756 3 
739 3 
716 3 
705 3 
668 3 
660 3 
645 3 
644 3 
642 3 
635 3 
606 3 
596 3 
590 3 
580 3 
577 3 
557 3 
550 3 
545 3 
538 3 
521 3 
519 3 
517 3 
514 3 
513 3 
511 3 
509 3 
506 3 
505 3 
503 3 
498 3 
492 3 
491 3 
489 3 
486 3 
484 3 
482 3 
481 3 
475 3 
462 3 
461 3 
460 3 
448 3 
444 3 
441 3 
420 3 
419 3 
413 3 
408 3 
404 3 
402 3 
401 3 
398 3 
393 3 
392 3 
390 3 
389 3 
385 3 
384 3 
379 3 
372 3 
362 3 
354 3 
346 3 
344 3 
343 3 
334 3 
324 3 
317 3 
316 3 
314 3 
305 3 
302 3 
250 3 
233 3 
4098 2 
2893 2 
2822 2 
2362 2 
2152 2 
2104 2 
1986 2 
1938 2 
1761 2 
1689 2 
1620 2 
1582 2 
1429 2 
1372 2 
1361 2 
1336 2 
1316 2 
1288 2 
1269 2 
1225 2 
1198 2 
1142 2 
1138 2 
1135 2 
1111 2 
1103 2 
1092 2 
1090 2 
1089 2 
1086 2 
1068 2 
1051 2 
1037 2 
1036 2 
1027 2 
1023 2 
1019 2 
1016 2 
1015 2 
1009 2 
1007 2 
994 2 
980 2 
974 2 
952 2 
942 2 
938 2 
934 2 
928 2 
919 2 
912 2 
895 2 
885 2 
883 2 
882 2 
870 2 
868 2 
865 2 
864 2 
860 2 
854 2 
852 2 
851 2 
837 2 
827 2 
826 2 
824 2 
811 2 
809 2 
804 2 
802 2 
795 2 
793 2 
791 2 
780 2 
778 2 
772 2 
765 2 
762 2 
760 2 
757 2 
755 2 
749 2 
745 2 
744 2 
740 2 
734 2 
733 2 
729 2 
727 2 
719 2 
715 2 
710 2 
686 2 
685 2 
684 2 
683 2 
680 2 
679 2 
677 2 
669 2 
667 2 
666 2 
662 2 
659 2 
655 2 
650 2 
649 2 
632 2 
630 2 
618 2 
617 2 
612 2 
610 2 
604 2 
601 2 
592 2 
591 2 
585 2 
582 2 
576 2 
573 2 
571 2 
570 2 
568 2 
566 2 
565 2 
556 2 
554 2 
549 2 
548 2 
543 2 
541 2 
529 2 
526 2 
522 2 
520 2 
516 2 
510 2 
508 2 
502 2 
500 2 
496 2 
495 2 
478 2 
477 2 
474 2 
466 2 
454 2 
453 2 
452 2 
447 2 
445 2 
443 2 
438 2 
433 2 
432 2 
431 2 
429 2 
428 2 
427 2 
426 2 
421 2 
418 2 
412 2 
409 2 
407 2 
405 2 
400 2 
397 2 
388 2 
381 2 
375 2 
374 2 
371 2 
363 2 
358 2 
353 2 
341 2 
330 2 
298 2 
286 2 
277 2 
249 2 
248 2 
262187 1 
137740 1 
103144 1 
101073 1 
94810 1 
80960 1 
67619 1 
51471 1 
41171 1 
38274 1 
34419 1 
31653 1 
30170 1 
27472 1 
26458 1 
26261 1 
25502 1 
24701 1 
23401 1 
22819 1 
21826 1 
21716 1 
20238 1 
17806 1 
17005 1 
16505 1 
16482 1 
16417 1 
15313 1 
13563 1 
13159 1 
12893 1 
12096 1 
11665 1 
11619 1 
11591 1 
11547 1 
11199 1 
11167 1 
10458 1 
10408 1 
10376 1 
10140 1 
9986 1 
9611 1 
8633 1 
8411 1 
8330 1 
8134 1 
8112 1 
7958 1 
7720 1 
7656 1 
7544 1 
7451 1 
7300 1 
7220 1 
7075 1 
6907 1 
6732 1 
6710 1 
6709 1 
6473 1 
6152 1 
6090 1 
6080 1 
5920 1 
5756 1 
5751 1 
5705 1 
5530 1 
5344 1 
5334 1 
5281 1 
5002 1 
4838 1 
4722 1 
4710 1 
4692 1 
4622 1 
4540 1 
4484 1 
4343 1 
4322 1 
4215 1 
4208 1 
4086 1 
4001 1 
3909 1 
3898 1 
3874 1 
3862 1 
3803 1 
3796 1 
3768 1 
3732 1 
3708 1 
3705 1 
3681 1 
3648 1 
3591 1 
3559 1 
3527 1 
3477 1 
3466 1 
3455 1 
3445 1 
3417 1 
3412 1 
3400 1 
3392 1 
3346 1 
3335 1 
3333 1 
3332 1 
3327 1 
3314 1 
3308 1 
3265 1 
3236 1 
3229 1 
3153 1 
3140 1 
3113 1 
3093 1 
3080 1 
3079 1 
3058 1 
3049 1 
3028 1 
3018 1 
3016 1 
3014 1 
3006 1 
2997 1 
2982 1 
2967 1 
2938 1 
2933 1 
2890 1 
2866 1 
2861 1 
2840 1 
2823 1 
2810 1 
2793 1 
2772 1 
2765 1 
2764 1 
2759 1 
2738 1 
2687 1 
2671 1 
2653 1 
2625 1 
2612 1 
2574 1 
2548 1 
2523 1 
2486 1 
2480 1 
2455 1 
2423 1 
2406 1 
2399 1 
2393 1 
2382 1 
2335 1 
2328 1 
2308 1 
2272 1 
2257 1 
2244 1 
2218 1 
2217 1 
2216 1 
2212 1 
2202 1 
2196 1 
2194 1 
2187 1 
2180 1 
2172 1 
2163 1 
2129 1 
2124 1 
2121 1 
2099 1 
2091 1 
2086 1 
2077 1 
2075 1 
2053 1 
2045 1 
2040 1 
2025 1 
2024 1 
2022 1 
2020 1 
2016 1 
2012 1 
2007 1 
2005 1 
1998 1 
1991 1 
1973 1 
1961 1 
1960 1 
1957 1 
1919 1 
1917 1 
1916 1 
1902 1 
1895 1 
1894 1 
1888 1 
1871 1 
1853 1 
1849 1 
1827 1 
1821 1 
1815 1 
1812 1 
1802 1 
1783 1 
1782 1 
1774 1 
1770 1 
1768 1 
1765 1 
1764 1 
1758 1 
1753 1 
1746 1 
1745 1 
1739 1 
1737 1 
1729 1 
1722 1 
1717 1 
1701 1 
1697 1 
1696 1 
1695 1 
1691 1 
1687 1 
1686 1 
1685 1 
1681 1 
1674 1 
1671 1 
1669 1 
1668 1 
1664 1 
1659 1 
1658 1 
1647 1 
1639 1 
1634 1 
1622 1 
1606 1 
1605 1 
1598 1 
1589 1 
1580 1 
1579 1 
1573 1 
1570 1 
1566 1 
1563 1 
1554 1 
1552 1 
1540 1 
1523 1 
1518 1 
1516 1 
1509 1 
1508 1 
1507 1 
1503 1 
1495 1 
1486 1 
1484 1 
1483 1 
1480 1 
1478 1 
1474 1 
1466 1 
1463 1 
1461 1 
1450 1 
1449 1 
1440 1 
1439 1 
1437 1 
1418 1 
1415 1 
1407 1 
1404 1 
1385 1 
1383 1 
1381 1 
1378 1 
1374 1 
1373 1 
1370 1 
1367 1 
1363 1 
1357 1 
1352 1 
1350 1 
1349 1 
1348 1 
1346 1 
1338 1 
1335 1 
1329 1 
1328 1 
1325 1 
1320 1 
1318 1 
1306 1 
1302 1 
1300 1 
1290 1 
1278 1 
1274 1 
1272 1 
1270 1 
1268 1 
1267 1 
1266 1 
1265 1 
1264 1 
1260 1 
1259 1 
1256 1 
1253 1 
1252 1 
1250 1 
1248 1 
1245 1 
1244 1 
1237 1 
1234 1 
1229 1 
1227 1 
1226 1 
1224 1 
1222 1 
1217 1 
1215 1 
1213 1 
1212 1 
1210 1 
1202 1 
1195 1 
1192 1 
1191 1 
1189 1 
1188 1 
1183 1 
1182 1 
1180 1 
1172 1 
1170 1 
1169 1 
1167 1 
1165 1 
1163 1 
1162 1 
1161 1 
1160 1 
1156 1 
1153 1 
1145 1 
1136 1 
1126 1 
1118 1 
1113 1 
1107 1 
1106 1 
1105 1 
1101 1 
1099 1 
1094 1 
1093 1 
1088 1 
1087 1 
1082 1 
1080 1 
1077 1 
1076 1 
1073 1 
1070 1 
1066 1 
1063 1 
1058 1 
1052 1 
1045 1 
1044 1 
1042 1 
1041 1 
1035 1 
1034 1 
1021 1 
1017 1 
1004 1 
1003 1 
988 1 
985 1 
975 1 
969 1 
967 1 
963 1 
959 1 
956 1 
949 1 
947 1 
937 1 
930 1 
920 1 
918 1 
917 1 
916 1 
914 1 
913 1 
910 1 
909 1 
907 1 
906 1 
905 1 
902 1 
901 1 
896 1 
891 1 
889 1 
878 1 
877 1 
876 1 
867 1 
861 1 
859 1 
858 1 
855 1 
853 1 
847 1 
846 1 
845 1 
844 1 
838 1 
836 1 
828 1 
819 1 
816 1 
814 1 
799 1 
797 1 
790 1 
789 1 
787 1 
785 1 
783 1 
779 1 
776 1 
774 1 
773 1 
771 1 
763 1 
759 1 
753 1 
752 1 
748 1 
747 1 
746 1 
742 1 
741 1 
738 1 
737 1 
735 1 
725 1 
724 1 
723 1 
722 1 
721 1 
720 1 
718 1 
714 1 
711 1 
709 1 
708 1 
707 1 
706 1 
704 1 
703 1 
700 1 
699 1 
698 1 
697 1 
695 1 
682 1 
678 1 
676 1 
664 1 
658 1 
648 1 
647 1 
641 1 
640 1 
639 1 
638 1 
637 1 
636 1 
624 1 
623 1 
621 1 
620 1 
616 1 
614 1 
613 1 
609 1 
608 1 
607 1 
605 1 
602 1 
598 1 
597 1 
594 1 
586 1 
581 1 
579 1 
575 1 
569 1 
564 1 
561 1 
560 1 
559 1 
555 1 
547 1 
544 1 
542 1 
534 1 
533 1 
532 1 
531 1 
530 1 
528 1 
525 1 
524 1 
523 1 
518 1 
512 1 
504 1 
497 1 
494 1 
490 1 
488 1 
480 1 
470 1 
469 1 
467 1 
465 1 
459 1 
458 1 
457 1 
456 1 
455 1 
449 1 
446 1 
442 1 
440 1 
436 1 
434 1 
430 1 
411 1 
399 1 
391 1 
387 1 
386 1 
368 1 
356 1 
348 1 
